%YAML:1.0
---
model_type: PINHOLE
camera_name: camera
image_width: 640
image_height: 480
distortion_parameters:
   k1: 0.0
   k2: 0.0
   p1: 0.0
   p2: 0.0
projection_parameters:
   fx: 610.6533203125
   fy: 610.8138427734375
   cx: 327.1978454589844
   cy: 236.54115295410156
